57.333333333
70.0
32.333333333
57.666666667
86.0
62.0
61.333333333
78.0
50.666666667
42.333333333
52.666666667
58.0
87.0
50.0
62.0
47.333333333
73.333333333
71.666666667
42.666666667
83.666666667
84.333333333
56.0
72.0
55.333333333
62.666666667
69.333333333
53.0
52.666666667
88.333333333
48.333333333
50.333333333
42.333333333
40.333333333
75.666666667
81.333333333
62.333333333
64.333333333
44.333333333
77.333333333
36.333333333
67.0
52.333333333
55.0
36.0
74.666666667
81.0
67.333333333
46.666666667
74.666666667
67.666666667
69.666666667
69.333333333
33.0
77.0
85.0
70.666666667
50.666666667
74.333333333
55.0
62.0
55.0
47.333333333
59.333333333
36.333333333
64.333333333
62.666666667
67.333333333
76.333333333
45.0
63.333333333
59.333333333
63.333333333
66.0
72.0
50.666666667
54.0
53.666666667
27.666666667
61.666666667
53.666666667
29.333333333
56.0
58.666666667
39.666666667
45.333333333
78.333333333
64.666666667
77.666666667
55.666666667
75.666666667
49.0
68.666666667
68.0
78.666666667
74.333333333
63.666666667
36.0
75.666666667
63.0
75.0
70.666666667
64.666666667
61.0
73.666666667
59.666666667
45.0
70.333333333
43.0
65.666666667
72.333333333
87.0
57.0
52.666666667
42.333333333
60.666666667
62.666666667
79.0
91.0
48.0
65.666666667
91.0
73.666666667
51.666666667
53.666666667
73.333333333
90.0
65.666666667
59.666666667
77.666666667
89.0
67.333333333
76.0
58.333333333
60.666666667
70.666666667
70.333333333
45.333333333
77.0
69.0
73.0
72.0
63.929078014 63.290780142 60.453900709